27,9
27,8
27,7
27,5
27,1
27,4
27,3
24,33
24,31
24,29
24,28
24,26
24,25
24,24
24,23
24,22
24,21
24,20
24,18
24,17
24,16
24,15
24,12
24,11
24,10
24,9
24,8
24,7
3,1
3,3
10,136
10,214
10,96
10,146
10,148
10,66
10,120
11,4
11,6
11,16
9,7
8,18
8,15
8,12
8,11
24,34
24,6
24,5
24,3
24,1
20,3
20,2
20,1
19,3
19,2
19,1
12,3
12,2
12,1
11,30
11,29
11,28
11,27
11,26
11,25
11,24
11,23
11,22
11,21
11,18
11,14
11,13
11,11
11,3
11,2
11,1
10,315
10,314
10,313
10,312
10,311
10,310
10,309
10,308
10,307
10,306
10,305
10,304
10,303
10,302
